0.000000000000000000e+00,1.000000000000000000e+00,2.000000000000000000e+00,3.000000000000000000e+00,4.000000000000000000e+00,5.000000000000000000e+00,6.000000000000000000e+00,7.000000000000000000e+00
1.000000000000000000e+00,1.000000000000000000e+02,1.000000000000000000e+02,1.000000000000000000e+02,1.000000000000000000e+02,6.204002582311169078e+01,-2.896707553260168311e+02,-3.109748224661071845e+02
2.000000000000000000e+00,1.000000000000000000e+02,1.000000000000000000e+02,1.000000000000000000e+02,1.000000000000000000e+02,6.204002582311169078e+01,-2.896707553260168311e+02,-3.109748224661071845e+02
3.000000000000000000e+00,1.000000000000000000e+02,1.000000000000000000e+02,1.000000000000000000e+02,1.000000000000000000e+02,6.204002582311169078e+01,-2.896707553260168311e+02,-3.109748224661071845e+02
4.000000000000000000e+00,1.000000000000000000e+02,1.000000000000000000e+02,1.000000000000000000e+02,1.000000000000000000e+02,6.204002582311169078e+01,-2.896707553260168311e+02,-3.109748224661071845e+02
5.000000000000000000e+00,6.204002582311169078e+01,6.204002582311169078e+01,6.204002582311169078e+01,6.204002582311169078e+01,1.000000000000000000e+02,-2.754651964162646323e+02,-2.982081323225361871e+02
6.000000000000000000e+00,-2.896707553260168311e+02,-2.896707553260168311e+02,-2.896707553260168311e+02,-2.896707553260168311e+02,-2.754651964162646323e+02,1.000000000000000000e+02,3.922651933701657612e+01
7.000000000000000000e+00,-3.109748224661071845e+02,-3.109748224661071845e+02,-3.109748224661071845e+02,-3.109748224661071845e+02,-2.982081323225361871e+02,3.922651933701657612e+01,1.000000000000000000e+02
