0.000000000000000000e+00,1.000000000000000000e+00,2.000000000000000000e+00,3.000000000000000000e+00,4.000000000000000000e+00,5.000000000000000000e+00,6.000000000000000000e+00,7.000000000000000000e+00,8.000000000000000000e+00
1.000000000000000000e+00,1.000000000000000000e+02,1.000000000000000000e+02,2.408005164622336736e+01,-1.484828921885087194e+00,-1.620400258231116908e+01,-8.631375080697225144e+01,-1.281471917366042703e+02,-2.536475145255003270e+02
2.000000000000000000e+00,1.000000000000000000e+02,1.000000000000000000e+02,2.408005164622336736e+01,-1.484828921885087194e+00,-1.620400258231116908e+01,-8.631375080697225144e+01,-1.281471917366042703e+02,-2.536475145255003270e+02
3.000000000000000000e+00,2.408005164622336736e+01,2.408005164622336736e+01,1.000000000000000000e+02,7.073170731707317316e+01,5.388026607538802892e+01,-5.661492978566149503e+01,-7.427937915742793962e+01,-2.179600886917960167e+02
4.000000000000000000e+00,-1.484828921885087194e+00,-1.484828921885087194e+00,7.073170731707317316e+01,1.000000000000000000e+02,8.228438228438228919e+01,-3.745143745143744951e+01,-5.244755244755244661e+01,-2.034965034965034931e+02
5.000000000000000000e+00,-1.620400258231116908e+01,-1.620400258231116908e+01,5.388026607538802892e+01,8.228438228438228919e+01,1.000000000000000000e+02,-2.506004803843074313e+01,-3.883106485188150003e+01,-1.944755804643714896e+02
6.000000000000000000e+00,-8.631375080697225144e+01,-8.631375080697225144e+01,-5.661492978566149503e+01,-3.745143745143744951e+01,-2.506004803843074313e+01,1.000000000000000000e+02,-4.962546816479401102e+00,-1.560861423220973734e+02
7.000000000000000000e+00,-1.281471917366042703e+02,-1.281471917366042703e+02,-7.427937915742793962e+01,-5.244755244755244661e+01,-3.883106485188150003e+01,-4.962546816479401102e+00,1.000000000000000000e+02,-1.024999999999999858e+02
8.000000000000000000e+00,-2.536475145255003270e+02,-2.536475145255003270e+02,-2.179600886917960167e+02,-2.034965034965034931e+02,-1.944755804643714896e+02,-1.560861423220973734e+02,-1.024999999999999858e+02,1.000000000000000000e+02
