0.000000000000000000e+00,1.000000000000000000e+00,2.000000000000000000e+00,3.000000000000000000e+00,4.000000000000000000e+00,5.000000000000000000e+00,6.000000000000000000e+00
1.000000000000000000e+00,1.000000000000000000e+02,1.000000000000000000e+02,1.000000000000000000e+02,9.993544222078760697e+01,9.987088444157521394e+01,9.993544222078760697e+01
2.000000000000000000e+00,1.000000000000000000e+02,1.000000000000000000e+02,1.000000000000000000e+02,9.993544222078760697e+01,9.987088444157521394e+01,9.993544222078760697e+01
3.000000000000000000e+00,1.000000000000000000e+02,1.000000000000000000e+02,1.000000000000000000e+02,9.993544222078760697e+01,9.987088444157521394e+01,9.993544222078760697e+01
4.000000000000000000e+00,9.993544222078760697e+01,9.993544222078760697e+01,9.993544222078760697e+01,1.000000000000000000e+02,9.980632666236280670e+01,9.987088444157521394e+01
5.000000000000000000e+00,9.987088444157521394e+01,9.987088444157521394e+01,9.987088444157521394e+01,9.980632666236280670e+01,1.000000000000000000e+02,9.980632666236280670e+01
6.000000000000000000e+00,9.993544222078760697e+01,9.993544222078760697e+01,9.993544222078760697e+01,9.987088444157521394e+01,9.980632666236280670e+01,1.000000000000000000e+02
